step acc  r_coord r_work zvar  gen   | coord: n  ratio_mean ratio_max kl       gnorm  | work: n  ratio_mean ratio_max kl       gnorm | ver  s_samp s_train
   0 0.31  0.31    0.39    3   5051 |  20 0.99993   1.306     4.46e-04   2980 |  19 0.99992   1.442     5.13e-04   2027 | 1/1     50    83
   1 0.25  0.25    0.29    6   5426 |   8 0.99989   2.318     4.68e-04   2089 |  10 0.99972   1.404     6.78e-04   1916 | 2/2     69    14
   2 0.47  0.47    0.38    5   5226 |  12 0.99994   1.343     3.59e-04   2071 |   7 0.99993   1.413     5.04e-04   2398 | 3/3     73    66
   3 0.19  0.19    0.12    5   4944 |  12 1.00005   2.462     2.69e-04   2256 |   4 1.00051   1.391     8.10e-06   1544 | 4/4     70    14
   4 0.34  0.34    0.32    4   5161 |  16 0.99991   1.309     4.94e-04   2421 |  22 0.99994   1.274     5.18e-04   1956 | 5/5     61    26
   5 0.28  0.28    0.45    6   5043 |   8 0.99977   1.273     5.96e-04   1764 |   -   (not stepped)                          | 6/5     61     8
   6 0.66  0.66    0.63    7   4663 |   4 0.99997   1.455     4.89e-04   1161 |   8 1.00009   1.340     2.92e-04   1070 | 7/6     60    21
   7 0.25  0.25    0.31    6   4358 |   8 0.99996   1.456     3.82e-04   1142 |   7 0.99997   1.279     3.16e-04    603 | 8/7     72    10
   8 0.34  0.34    0.43    4   5486 |  16 0.99970   1.279     6.83e-04   2436 |  16 0.99975   1.445     6.85e-04   2318 | 9/8     70    25
   9 0.22  0.22    0.22    5   4981 |  12 0.99993   1.508     4.27e-04   2055 |   6 1.00001   1.219     3.12e-04    970 | 10/9     60    14
  10 0.38  0.38    0.30    2   4746 |  24 0.99993   1.300     3.99e-04   3054 |  11 1.00000   1.254     3.61e-04   2012 | 11/10     68    28
  11 0.28  0.28    0.29    3   5301 |  20 1.00011   1.748     1.92e-04   2451 |  13 0.99996   1.348     2.82e-04   1317 | 12/11     75    25
  12 0.19  0.19    0.11    6   5373 |   8 1.00011   1.270     3.29e-04   1817 |   3 1.00126   1.283     -6.60e-04   1356 | 13/12     63    11
  13 0.22  0.22    0.22    4   5045 |  16 0.99990   1.497     4.63e-04   2843 |  14 1.00025   2.078     1.04e-04   1477 | 14/13     61    22
  14 0.44  0.44    0.42    2   5208 |  24 0.99995   1.366     3.66e-04   4934 |  23 1.00006   1.283     3.14e-04   2579 | 15/14     76    33
  15 0.28  0.28    0.14    7   5252 |   4 0.99978   1.417     4.55e-04   1101 |   4 0.99990   1.336     4.04e-04   1412 | 16/15     62     7
  16 0.19  0.19    0.08    4   4920 |  16 1.00009   1.284     2.23e-04   2269 |   6 1.00018   1.766     2.02e-04   1295 | 17/16     74    18
  17 0.28  0.28    0.31    7   5097 |   4 1.00035   1.258     1.29e-04   1429 |   5 0.99950   1.273     9.17e-04    902 | 18/17     61     8
  18 0.31  0.31    0.28    2   5037 |  24 0.99999   1.281     3.44e-04   3297 |   6 0.99991   1.370     5.06e-04   1362 | 19/18     74    25
  19 0.41  0.41    0.43    4   4632 |  16 1.00000   1.314     2.97e-04   2471 |   9 1.00011   1.283     2.77e-04   1563 | 20/19     58    19
coord: steps=20 ratio_mean mean=0.99996 min=0.99970 max=1.00035; kl mean=3.90e-04 max=6.83e-04
work: steps=19 ratio_mean mean=1.00005 min=0.99950 max=1.00126; kl mean=3.44e-04 max=9.17e-04
accuracy: first half 0.331, second half 0.297 (n_steps=20, 32 episodes/step)
